28452
28307
27899
27842
27369
27331
26749
26726
25071
25013
23979
36280
23444
20811
20191
18716
16312
16301
16208
16207
15960
15947
15718
15612
15530
14262
14017
13630
13148
12995
12875
12777
38020
12736
12569
12549
12275
11803
11677
10430
9078
8836
8817
8662
7556
7503
7102
3651
3308
3099
2966
2922
2859
3344
14130
23130
23134
26048
27319
2328
35300
2203
2202
2193
1463
1452
1244
1034
2205
2495
2846
2863
2929
2987
2996
3322
3325
8747
9980
10587
11769
12580
24086
24087
46340
51770
60250
40
339
546
852
1032
2287
2491
2563
2724
2993
3193
3231
3469
3825
4873
5836
6109
6659
7650
8842
9359
9411
9828
9958
9986
10002
10003
10286
10585
11513
12236
12260
12299
12397
12590
13244
13459
15061
16492
16965
20038
22336
25427
25569
26326
26336
26456
28291
29890
37570
59630
3625
11334
